moteur0=-4.97973537445,0.000583078537602
moteur1=-4.08841514587,0.00556745938957
moteur2=-15.0,15.0