moteur0=-1.0,1.0
moteur1=-4.08841514587,0.00556745938957
moteur2=-1.0,1.0